Confusion Matrix:
[[ 36 122 118 101   0   0   0   0]
 [  0   0 141  43   0   0   0   0]
 [  0  58 142   0   0   0   0   0]
 [  0   0  85 122   0   0   0   0]
 [  0   0   0   3 142  41   0   0]
 [  0   0   0  34  81  85   0   0]
 [ 70   0   0   0   0  46  42  35]
 [  0   0   0  97  98  18   0   0]]

Classification Report:
              precision    recall  f1-score   support

    0°±22.5°       0.34      0.10      0.15       377
   45°±22.5°       0.00      0.00      0.00       184
   90°±22.5°       0.29      0.71      0.41       200
  135°±22.5°       0.30      0.59      0.40       207
  180°±22.5°       0.44      0.76      0.56       186
  225°±22.5°       0.45      0.42      0.44       200
  270°±22.5°       1.00      0.22      0.36       193
  315°±22.5°       0.00      0.00      0.00       213

    accuracy                           0.32      1760
   macro avg       0.35      0.35      0.29      1760
weighted avg       0.35      0.32      0.27      1760
