Confusion Matrix:
[[318 164   0   0   0]
 [ 83 197  51   0   0]
 [  0  46 286   0   0]
 [  0   0  68 242   0]
 [  8   0   0  16 281]]

Classification Report:
              precision    recall  f1-score   support

    0.5±0.25       0.78      0.66      0.71       482
      1±0.25       0.48      0.60      0.53       331
    1.5±0.25       0.71      0.86      0.78       332
      2±0.25       0.94      0.78      0.85       310
    2.5±0.25       1.00      0.92      0.96       305

    accuracy                           0.75      1760
   macro avg       0.78      0.76      0.77      1760
weighted avg       0.78      0.75      0.76      1760
