Confusion Matrix:
[[377   0   0   0   0   0   0   0]
 [  0 184   0   0   0   0   0   0]
 [  0   0 200   0   0   0   0   0]
 [  0   0   0 207   0   0   0   0]
 [  0   0   0   0 186   0   0   0]
 [  0   0   0   0   0 200   0   0]
 [  0   0   0   0   0   0 193   0]
 [  0   0   0   0   0   0   0 213]]

Classification Report:
              precision    recall  f1-score   support

    0°±22.5°       1.00      1.00      1.00       377
   45°±22.5°       1.00      1.00      1.00       184
   90°±22.5°       1.00      1.00      1.00       200
  135°±22.5°       1.00      1.00      1.00       207
  180°±22.5°       1.00      1.00      1.00       186
  225°±22.5°       1.00      1.00      1.00       200
  270°±22.5°       1.00      1.00      1.00       193
  315°±22.5°       1.00      1.00      1.00       213

    accuracy                           1.00      1760
   macro avg       1.00      1.00      1.00      1760
weighted avg       1.00      1.00      1.00      1760


MAE angle = 0.004318181818181818 deg