Confusion Matrix:
[[258   0   0   0   0   0   0   0]
 [  0 155   0   0   0   0   0   0]
 [  0   0 164   0   0   0   0   0]
 [  0   0   0 166   0   0   0   0]
 [  0   0   0   0 150   0   0   0]
 [  0   0   0   0   0 153   0   0]
 [  0   0   0   0   0   0 135   0]
 [  0   0   0   0   0   0   0 139]]

Classification Report:
              precision    recall  f1-score   support

    0°±22.5°       1.00      1.00      1.00       258
   45°±22.5°       1.00      1.00      1.00       155
   90°±22.5°       1.00      1.00      1.00       164
  135°±22.5°       1.00      1.00      1.00       166
  180°±22.5°       1.00      1.00      1.00       150
  225°±22.5°       1.00      1.00      1.00       153
  270°±22.5°       1.00      1.00      1.00       135
  315°±22.5°       1.00      1.00      1.00       139

    accuracy                           1.00      1320
   macro avg       1.00      1.00      1.00      1320
weighted avg       1.00      1.00      1.00      1320


MAE angle = 1.0597983598709106 deg