Confusion Matrix:
[[259   0   0   0   0   0   0   0]
 [  0 168   0   0   0   0   0   0]
 [  0   0 141   0   0   0   0   0]
 [  0   0   0 163   0   0   0   0]
 [  0   0   0   0 137   0   0   0]
 [  0   0   0   0   0 152   0   0]
 [  0   0   0   0   0   0 154   0]
 [  0   0   0   0   0   0   0 146]]

Classification Report:
              precision    recall  f1-score   support

    0°±22.5°       1.00      1.00      1.00       259
   45°±22.5°       1.00      1.00      1.00       168
   90°±22.5°       1.00      1.00      1.00       141
  135°±22.5°       1.00      1.00      1.00       163
  180°±22.5°       1.00      1.00      1.00       137
  225°±22.5°       1.00      1.00      1.00       152
  270°±22.5°       1.00      1.00      1.00       154
  315°±22.5°       1.00      1.00      1.00       146

    accuracy                           1.00      1320
   macro avg       1.00      1.00      1.00      1320
weighted avg       1.00      1.00      1.00      1320


MAE angle = 2.39509916305542 deg