Confusion Matrix:
[[196   0   0   0   0   0   0   0]
 [  0  74   0   0   0   0   0   0]
 [  0   0 108   0   0   0   0   0]
 [  0   0   0 111   0   0   0   0]
 [  0   0   0   0 100   0   0   0]
 [113   0   0   0   0   0   0   0]
 [ 85   0   0   0   0   0   0   0]
 [ 93   0   0   0   0   0   0   0]]

Classification Report:
              precision    recall  f1-score   support

    0°±22.5°       0.40      1.00      0.57       196
   45°±22.5°       1.00      1.00      1.00        74
   90°±22.5°       1.00      1.00      1.00       108
  135°±22.5°       1.00      1.00      1.00       111
  180°±22.5°       1.00      1.00      1.00       100
  225°±22.5°       0.00      0.00      0.00       113
  270°±22.5°       0.00      0.00      0.00        85
  315°±22.5°       0.00      0.00      0.00        93

    accuracy                           0.67       880
   macro avg       0.55      0.62      0.57       880
weighted avg       0.54      0.67      0.57       880


MAE angle = 114.10623931884766 deg