Confusion Matrix:
[[255   0   0   0   0   0   0   0]
 [  0 162   0   0   0   0   0   0]
 [  0   0 139   0   0   0   0   0]
 [  0   0   0 159   0   0   0   0]
 [165   0   0   0   0   0   0   0]
 [175   0   0   0   0   0   0   0]
 [138   0   0   0   0   0   0   0]
 [127   0   0   0   0   0   0   0]]

Classification Report:
              precision    recall  f1-score   support

    0°±22.5°       0.30      1.00      0.46       255
   45°±22.5°       1.00      1.00      1.00       162
   90°±22.5°       1.00      1.00      1.00       139
  135°±22.5°       1.00      1.00      1.00       159
  180°±22.5°       0.00      0.00      0.00       165
  225°±22.5°       0.00      0.00      0.00       175
  270°±22.5°       0.00      0.00      0.00       138
  315°±22.5°       0.00      0.00      0.00       127

    accuracy                           0.54      1320
   macro avg       0.41      0.50      0.43      1320
weighted avg       0.41      0.54      0.44      1320


MAE angle = 166.3105010986328 deg