Confusion Matrix:
[[183   0   0   0   0   0   0   0]
 [  0 100   0   0   0   0   0   0]
 [  0   0  94   0   0   0   0   0]
 [  0   0   0  90   0   0   0   0]
 [  0   0   0   0 101   0   0   0]
 [  0   0   0   0   0  88   0   0]
 [  0   0   0   0   0   0 112   0]
 [  0   0   0   0   0   0   0 112]]

Classification Report:
              precision    recall  f1-score   support

    0°±22.5°       1.00      1.00      1.00       183
   45°±22.5°       1.00      1.00      1.00       100
   90°±22.5°       1.00      1.00      1.00        94
  135°±22.5°       1.00      1.00      1.00        90
  180°±22.5°       1.00      1.00      1.00       101
  225°±22.5°       1.00      1.00      1.00        88
  270°±22.5°       1.00      1.00      1.00       112
  315°±22.5°       1.00      1.00      1.00       112

    accuracy                           1.00       880
   macro avg       1.00      1.00      1.00       880
weighted avg       1.00      1.00      1.00       880


MAE angle = 44.58260726928711 deg