Confusion Matrix:
[[406   0   0   0   0   0   0]
 [  0 154   0   0   0   0   0]
 [  0   0 143   0   0   0   0]
 [  0   0   0 157   0   0   0]
 [  0   0   0   0 162   0   0]
 [  0   0   0   0   0 134   0]
 [  0   0   0   0   0   0 164]]

Classification Report:
              precision    recall  f1-score   support

    0°±22.5°       1.00      1.00      1.00       406
   45°±22.5°       1.00      1.00      1.00       154
   90°±22.5°       1.00      1.00      1.00       143
  135°±22.5°       1.00      1.00      1.00       157
  180°±22.5°       1.00      1.00      1.00       162
  225°±22.5°       1.00      1.00      1.00       134
  270°±22.5°       1.00      1.00      1.00       164

    accuracy                           1.00      1320
   macro avg       1.00      1.00      1.00      1320
weighted avg       1.00      1.00      1.00      1320


MAE angle = 0.9943468570709229 deg