Confusion Matrix:
[[458   0   0   0   0   0   0   0]
 [  0 101   0   0   0   0   0   0]
 [  0   0  98   0   0   0   0   0]
 [  0   0   0  98   0   0   0   0]
 [ 63   0   0   0  62   0   0   0]
 [  0   0   0   0   0   0   0   0]
 [  0   0   0   0   0   0   0   0]
 [  0   0   0   0   0   0   0   0]]

Classification Report:
              precision    recall  f1-score   support

    0°±22.5°       0.88      1.00      0.94       458
   45°±22.5°       1.00      1.00      1.00       101
   90°±22.5°       1.00      1.00      1.00        98
  135°±22.5°       1.00      1.00      1.00        98
  180°±22.5°       1.00      0.50      0.66       125
  225°±22.5°       0.00      0.00      0.00         0
  270°±22.5°       0.00      0.00      0.00         0
  315°±22.5°       0.00      0.00      0.00         0

   micro avg       0.93      0.93      0.93       880
   macro avg       0.61      0.56      0.57       880
weighted avg       0.94      0.93      0.92       880


MAE angle = 26.262845993041992 deg