Confusion Matrix:
[[154   0   0   0   0   0   0   0]
 [  0   0   0   0   0   0   0   0]
 [  0   0 107   0   0   0   0   0]
 [  0   0   0   0   0   0   0   0]
 [  0   0   0   0  97   0   0   0]
 [  0   0   0   0   0   0   0   0]
 [  0   0   0   0   0   0 102   0]
 [  0   0   0   0   0   0   0   0]]

Classification Report:
              precision    recall  f1-score   support

    0°±22.5°       1.00      1.00      1.00       154
   45°±22.5°       0.00      0.00      0.00         0
   90°±22.5°       1.00      1.00      1.00       107
  135°±22.5°       0.00      0.00      0.00         0
  180°±22.5°       1.00      1.00      1.00        97
  225°±22.5°       0.00      0.00      0.00         0
  270°±22.5°       1.00      1.00      1.00       102
  315°±22.5°       0.00      0.00      0.00         0

   micro avg       1.00      1.00      1.00       460
   macro avg       0.50      0.50      0.50       460
weighted avg       1.00      1.00      1.00       460


MAE angle = 21.784713745117188 deg