Confusion Matrix:
[[ 67  91  49 170   0   0   0   0]
 [  0   0 184   0   0   0   0   0]
 [  0  89 111   0   0   0   0   0]
 [  0   0  40 167   0   0   0   0]
 [  0   0   0   0 145  41   0   0]
 [  0   0   0   0 173  27   0   0]
 [ 70   0   0   0   0  45  78   0]
 [  0   0   0  60 153   0   0   0]]

Classification Report:
              precision    recall  f1-score   support

    0°±22.5°       0.49      0.18      0.26       377
   45°±22.5°       0.00      0.00      0.00       184
   90°±22.5°       0.29      0.56      0.38       200
  135°±22.5°       0.42      0.81      0.55       207
  180°±22.5°       0.31      0.78      0.44       186
  225°±22.5°       0.24      0.14      0.17       200
  270°±22.5°       1.00      0.40      0.58       193
  315°±22.5°       0.00      0.00      0.00       213

    accuracy                           0.34      1760
   macro avg       0.34      0.36      0.30      1760
weighted avg       0.36      0.34      0.29      1760


MAE angle = 56.36590892574829 deg